#--------------------------------------------
#N        e_t        e_s        e_g    
#--------------------------------------------
3 1 0.333333 0.721326
5 1 1.66667 0.889701
7 0.111111 0.333333 0.298634
9 0.5 0.333333 0.153143
11 0.04 0.0933333 0.408349
13 0.333333 0.481481 0.180915
15 0.0204082 0.115646 0.0798923
17 0.25 0.166667 0.265067
19 0.0123457 0.0617284 0.129487
21 0.2 0.28 0.053236
23 0.00826446 0.0688705 0.196228
25 0.166667 0.111111 0.100777
99 0.000416493 0.0131889
199 0.00010203 0.00683604
299 4.5043e-05 0.00442923
399 2.52519e-05 0.00337534
499 1.61288e-05 0.00266125
599 1.11856e-05 0.00224084
699 8.21011e-06 0.00190201
799 6.28137e-06 0.00167713
899 4.96029e-06 0.00147982
999 4.01605e-06 0.00134002
