#--------------------------------------------
#N        e_t        e_s        e_g    
#--------------------------------------------
3 0.020747 0.000337153 4.79599e-07
5 0.00520292 2.1541e-05 3.80425e-13
7 0.00231374 4.27256e-06 0
9 0.00130174 1.35382e-06 0
11 0.000833194 5.54895e-07 0
13 0.000578637 2.67697e-07 0
15 0.000425134 1.44528e-07 1.75635e-16
17 0.0003255 8.47316e-08 0
19 0.000257188 5.29027e-08 0
21 0.000208325 3.47119e-08 0
23 0.00017217 2.37099e-08 0
25 0.000144672 1.67414e-08 0
99 8.67693e-06 6.02306e-11
199 2.12563e-06 3.61404e-12
299 9.38396e-07 7.03241e-13
399 5.26081e-07 2.20948e-13
499 3.36016e-07 9.15057e-14
599 2.33032e-07 4.54894e-14
699 1.71044e-07 2.4062e-14
799 1.30862e-07 1.31726e-14
899 1.03339e-07 7.72793e-15
999 8.36677e-08 6.14721e-15
